439729065
442444897
0
0
571803065
220567838
888490104
222221086
394701747
635555513
557170515
847382039
134330638
739747173
141736010
951133160
108836312
82354613
77217250
308200876
0
670841556
0
0
666627315
0
0
327604334
76598150
0
0
0
0
760468201
396264395
892457761
87383062
0
711214301
163765216
7379100
876176474
807040766
133044641
32192207
448452774
428912582
586150784
0
0
143960
255469992
831071714
22023214
910621954
834620839
421544507
662722394
554709963
796141184
10894025
0
456776839
0
0
220536900
990066140
0
56927431
300930318
0
126212582
776441759
0
0
732732375
637929970
0
302192679
604279607
0
0
471492840
822824402
313412839
633003239
13803308
127847423
8405781
222221086
102180849
0
655935431
122493838
928894247
0
798815993
629744434
302412631
321220533
92444510
606440400
363900955
0
0
0
0
444424252
0
634733600
360181303
910671441
100555929
10220
82358419
0
149246437
0
354928324
983031839
997428648
962305030
604288471
193861425
219400705
0
0
810936380
635022566
737852012
740576936
275721083
102180849
727947033
60926845
333335231
0
0
888880
265079610
0
261867728
662650
0
0
157520757
319998328
653934135
813575843
366422018
333707718
0
466789518
739556778
0
0
909133540
0
93190844
0
322414980
0
842244846
779124153
619953448
0
289032553
441031684
781712334
913200174
162793430
0
694542255
522258428
851448544
0
235177865
6565
0
0
625624338
0
442548255
0
279385721
737759898
708080315
243257028
0
63199387
686961249
239976010
278285240
528401897
511023821
279547268
0
0
96044650
4315297
378272822
97599760
584120817
0
952915739
233032098
0
0
0
0
359580042
359286326
826330443
964276743
820393265
0
369813740
0
753482718
247941861
732024673
0
112254564
0
925328811
381419690
520661474
520587446
0
29418581
313894662
0
591042823
709361460
309283903
0
126610092
976522299
33023232
268463558
894672370
350441327
0
0
911857429
0
189443758
0
273602108
932371597
332197549
526832241
0
416143955
99269617
820493094
342029170
0
0
0
0
578893348
586529113
411975617
363471073
428597417
505198726
674206292
505573353
0
821612919
922398767
563286227
687284912
434002580
1683
923896099
0
37742868
25560778
0
0
907848786
955735517
333712440
66318136
928464939
769755790
549238902
424000784
187876411
414408794
414100740
654537748
729230435
0
396264395
0
13534281
81049157
602276605
906006978
240755214
443635772
801905544
295453055
0
800122438
0
0
299983722
0
744192680
0
65761142
0
491598428
474728633
0
497383286
413658438
44143623
0
324485495
0
215931521
911666228
631584672
0
0
262720539
0
118489472
110314383
476327754
342892579
0
201598058
49071222
925328811
598003276
168760534
0
84821052
724849892
538987967
11121168
140853221
593318844
489581017
738524742
206165954
821827042
411287634
0
433933361
52633777
0
369848410
0
0
0
0
742321219
0
0
841666654
6372861
0
898176814
233997712
0
0
0
55916370
936891532
889465460
555075327
450421484
893398310
399570842
662367798
0
491478264
0
683467357
847335469
369894528
209752649
934912782
0
888490104
241531517
900337727
511070412
0
0
75223143
0
414843097
160706770
0
991478452
826314359
0
0
0
446773461
0
446643146
946431510
0
0
55476134
424144202
741313145
0
471257214
598242273
598219485
900282736
827264120
733335401
0
883992496
604891288
0
0
0
816106895
107512964
506658014
799035547
288884839
670711882
0
0
511370139
355022913
852257794
257040358
0
0
0
171870671
204753592
66178469
208887337
567475676
211647532
0
0
766482942
145967609
790693790
639995760
329946121
93468155
887009942
121776563
0
899988597
0
0
987241942
397265359
79096889
806449013
0
392584948
937449106
203248564
0
361352022
196276859
672969397
777958054
871073207
545884891
0
713555009
65860410
0
942399197
850889304
654117046
177861232
777577193
90504
0
395850394
999993166
234417252
134290382
853750136
722307833
329066669
928878415
407789589
803608960
444424252
0
0
2160396
0
52768029
207235870
0
283574225
705825653
4939500
222206750
886192636
932880465
337868529
980769509
822824402
0
587777459
636519426
933321150
762503008
506658014
444352572
125368595
662704662
663910910
0
105979749
239976010
298269268
0
41920175
456528888
376490419
660839324
204440
668788790
352907777
0
0
3935
0
941839090
0
26379723
648384858
0
555496504
315529549
0
436321772
450741049
14110629
811915663
7999608
197553714
0
0
501076357
359015042
449065887
305795791
800046373
303839150
0
355719454
332632478
0
530708255
0
292146135
0
83240182
0
394965027
0
703235440
431308683
591652081
844196287
491109632
355555520
0
0
0
228315628
193549222
359822432
318206391
0
734818019
584116190
264959388
282806702
470744369
783648843
896385423
142194285
0
960740083
0
761290199
262659632
366862857
506658014
756109951
583717510
870561789
299277877
329232429
330461467
193969551
7791281
943223819
0
533128002
0
646831229
493935347
477596204
0
222221086
294277564
506658014
450303032
0
888396287
0
508842792
651294518
0
0
565520586
789487662
642402526
612201240
0
434263552
0
456528888
208794096
0
163535684
0
333322349
881167659
355690921
660639546
669781145
975032341
0
49082879
164868593
298819575
829263080
238949775
513780096
925328811
64826664
990910153
529620337
656349666
0
0
299479733
0
750502590
553860972
803332515
444424252
0
771192217
828303177
0
691237619
0
258772248
490723181
576226007
745155416
661324254
921025190
719203716
0
28285687
567413771
196912673
776151552
0
567464303
591928597
0
487997058
494574334
939109033
20967583
0
0
0
81777760
13993002
106923408
0
0
0
111110991
0
113407315
0
1
215925940
404473545
195711672
34030
888490104
821247193
584446881
0
846178149
653808029
256559064
411077326
603350071
891629952
0
325508215
574655353
685178791
473366282
558290202
933321150
411480809
927954587
222754729
168177546
96810159
0
847834093
19752
802341525
111110991
898490145
817047536
0
0
268980838
0
510668156
0
429761464
549126160
94557984
0
457981972
0
0
0
0
690278292
202992891
105187796
106522441
966942217
0
672436452
0
921422146
260065959
0
733332083
771300448
63393066
619308441
386842242
0
0
222221086
0
925328811
0
0
915386363
136303965
484726992
121373869
769812201
0
4088880
350569493
0
0
818082887
0
0
960290805
0
83686347
0
136285604
164310946
576553616
735879686
596590460
0
878368490
676036557
669349025
662760159
135026104
844421382
10241790
877398775
53396119
55187020
204821315
399687929
0
897331820
245615789
169268117
0
460762964
0
775207665
879995690
356810596
204845553
81777760
0
452836657
355555520
695053973
15164231
14811953
0
0
0
0
304944873
855149888
614486995
0
920309578
67885293
407956831
877648818
845982732
203960606
417979068
436838481
613366401
721777760
316530609
512775556
0
169270731
0
173141443
567812556
832467557
630183530
76731087
782197013
691646145
472381720
0
29162892
269478858
796278066
733392352
0
973180007
0
0
769812201
636865240
285358763
774021331
386330171
0
232797026
386674624
991586400
769812201
0
862206315
721777760
41305865
566073000
939266689
394840495
376798341
822824402
620990397
809829809
908946548
222221086
0
222221086
1244
303581348
136810287
543612939
941602528
0
0
614741941
625711781
693851870
134487759
0
438374508
0
0
182151686
220157026
11693062
0
0
264648961
245844511
3539937
35258259
19755406
0
713234170
271187684
744696544
544577268
283913628
0
0
169192023
0
218179660
921676742
0
557323118
0
584633303
477492607
81777760
672553917
0
0
530000888
730720684
467107523
632174126
680282375
713309102
385707537
17777760
371753112
0
40403454
0
133542448
0
0
261470569
951087159
222737499
0
677910513
977025733
0
0
78461868
0
740300771
521259947
198689390
92946250
341585771
0
745622663
925328811
0
629380865
920975272
436088400
0
931346384
746345565
443470314
0
688980239
282144279
0
275159318
44405764
0
778190080
183365260
0
551045141
0
485569630
855719686
475555485
907122749
888490104
136794416
0
602928686
962342361
801840348
636519426
0
111034723
937237002
534893078
734931621
0
651788389
136201757
0
428952484
0
304119145
0
0
729721750
0
689366984
707487948
456528888
887056504
0
355555520
534869966
0
44600271
437337618
0
440086899
387110753
259110312
621649618
753254970
246494323
939992034
0
804291483
0
429010545
0
831522036
0
73379406
0
644160457
628161543
661557080
549781343
590461993
742262880
427934233
899919371
479961183
471974780
0
0
898850716
0
181792836
746615911
325246478
0
169411079
444424252
599519576
262895615
106597000
740685635
927713765
528965094
0
386734783
777577193
961248298
127687268
141511966
135198797
0
384377545
926797696
0
222221086
380715578
592741534
542830693
96710880
427390012
33920
0
0
44440
575491267
454266668
0
698035768
553831184
871332754
102398805
137932661
0
414191546
0
831152752
228869303
798469983
815823053
830264955
444424252
506658014
456528888
0
225235767
0
314653512
396264395
963030126
0
193019083
0
269129470
407982342
290039441
456564782
0
222217502
653875623
47166954
10220
0
968026837
655638998
0
0
84745150
919259181
561485030
0
597922717
174476724
639555014
0
131711043
540407479
694459178
326886470
444096646
0
401008226
734580
0
834976491
700828915
794003422
898288949
245753425
444424252
273677377
877077641
465821771
326084925
508716405
0
687743604
0
0
486055544
23287409
222221086
216194537
925603180
510254885
0
522703819
455420351
938606471
0
711365547
93400833
0
0
0
292078807
0
278095602
608317447
666625882
265280361
148175889
822824402
891914590
4088880
757611606
728547998
915895330
137945770
574664073
95630877
0
0
0
153935493
0
0
0
654152492
621362970
222221086
645763863
484807341
365990385
0
925732637
804000623
0
0
639995760
0
715596258
529880966
0
0
0
0
428543862
517837546
0
0
0
0
0
139554323
911556276
778843891
0
0
0
0
374102838
479336309
550629338
37254390
458653961
802369071
0
420832485
985221165
134186706
392890670
0
992344420
0
268218260
416926630
956986315
0
751645502
767219595
814843085
609601561
923267954
718393349
222221086
0
580954188
789618958
0
315164319
53633044
0
673489927
182995898
737177214
0
506658014
0
774480561
0
219834557
834428613
21851259
706253188
638190713
488888306
373795322
396264395
0
0
961978093
410003992
0
150161728
585249571
0
97432197
827725655
851148102
0
913940909
0
579298453
0
0
925328811
0
0
0
0
205559038
683232283
920795553
0
258002985
379199426
830999091
110
917006847
132198731
868275058
527939510
0
70553255
108233677
443220569
0
430923317
345648855
207973320
521869695
0
146165788
0
648320571
49991981
321422471
0
453716109
0
147548677
659289691
35218486
487997058
0
488386922
545866480
0
346988790
327141776
904058592
0
633125743
88818904
410392835
86573873
367981571
63271714
506658014
3560717
228502855
597195214
130717727
162421233
975725261
519994869
861889386
945519882
923821869
658924327
288275038
769812201
930022548
452124046
191855123
428135970
561194969
874486354
0
725881720
132244496
820167384
0
124335603
671198287
934764978
445057079
268901168
955396730
77400651
430215014
611163727
200782490
309739653
152857076
0
348485765
566035878
213207632
534869966
0
10220
0
631450183
384757655
727499401
5469720
309363731
242937328
677359686
0
0
887969221
534869966
0
333583436
1324470
205541885
489409233
770353242
0
887056504
277030298
0
0
368497032
705899918
0
11771580
875849957
300800049
652501107
775147617
0
5
91374670
0
0
458120916
0
711885472
0
0
639723890
0
0
699073776
922266172
644910019
936810930
0
859859101
0
444424252
18823803
509801995
81343990
884702366
0
163835203
92235663
732260968
567984474
618687786
444424252
0
689422125
94302595
2220
404635681
0
853096112
0
0
0
619211487
492078770
0
484748490
189061599
90220
188400
376949523
598307739
721379569
185507109
0
0
5848875
116825242
0
267551537
0
0
777910074
439865913
755992583
0
253303058
0
0
0
16253636
296104774
151610520
973225984
695368937
888111224
0
528977441
822824402
911556276
0
786399040
923873264
242988375
522902826
888490104
0
0
445057079
378335973
0
107658982
445243293
0
436836660
357721434
2667136
846332523
0
104805815
219433632
517506518
0
0
0
662639962
88542896
271715080
135923890
607376445
942149781
846651631
0
0
261358121
0
22670406
182642077
272770587
0
0
806413980
0
670297676
591507641
60488473
214758301
0
585979348
0
594878662
630737913
0
700412809
327579676
0
0
440381908
444352572
0
627740603
0
0
0
228886109
856476496
648384858
149836348
0
0
533329368
562785742
842774513
0
507731799
438438372
52066105
268666061
118816486
0
0
80035075
419745078
92235663
0
9950470
638976007
887056504
0
634845279
488527182
925155817
807332897
655758659
100676820
561336344
0
201054630
0
44440
748688984
444424252
943444500
640058727
842487009
220227410
624678471
923835092
0
236377870
374679131
111106639
56230
0
0
0
0
488177117
0
556905874
183043353
0
885605056
273401420
0
405430786
772912826
0
932775346
0
353852135
0
487605297
402550475
95933780
965093038
280243725
925328811
736375221
0
0
2603100
77667275
277570258
587070361
762234536
220222150
743052601
460656711
0
374009226
894096693
884857464
0
128142630
0
538440651
791022973
887056504
787741456
77732886
709347834
475233716
0
970885143
0
888490104
0
0
155282029
0
548331029
945943991
396264395
0
0
0
577896388
0
299090264
0
715107929
293511696
732757224
483775363
982073298
670512338
79538657
0
307238463
416419261
497319655
179591672
209461139
119161618
0
522336727
0
185164229
80992180
702231891
0
266940241
0
337450824
0
849354272
0
0
137045
748134412
0
519741789
0
466272723
48533841
687817961
630002411
763864121
866629317
138456811
822824402
990342278
0
74271705
154319712
837541199
628620160
0
0
934247344
715051543
497610428
927019568
270107804
0
420107544
741140201
401008226
222448374
0
769812201
651664988
222221086
758421613
888490104
0
288681490
319590749
964276743
744087013
0
703216644
690434012
0
210741
422531616
0
113637154
574714702
0
0
561194969
0
797323335
284008528
0
190478890
59907425
569139144
971977309
888190662
769812201
0
356970281
161407902
42253999
999802193
822824402
25190
0
47256256
682112517
148334366
233908756
223409648
223355218
146683241
515869309
0
642343875
666625882
899715276
372509072
184966317
403358574
201915538
428968058
543574583
983263992
0
44528211
0
785783310
0
347858388
0
622824584
349093847
711110816
319998328
0
0
0
4088880
0
0
249125326
865570974
887056504
452715848
707976364
239033227
0
220840059
485787737
0
1160
742221057
707603895
462053896
353953880
962600460
481960403
0
808305586
0
456528888
470571979
984979793
727764364
230863845
375208592
7706127
309941804
287709511
556625178
660765107
353914005
265401553
193109000
0
0
153633764
17777760
359009192
630349390
227612257
0
672031109
8880462
222221086
0
938992545
276779678
633757515
0
882594918
0
698338942
24835241
0
0
0
0
786571755
784638936
0
251686458
884139489
54291980
407982342
777243542
0
357663482
946126056
0
0
684605485
591771314
0
0
0
182842281
22222000
0
174622208
671914024
0
387452687
3867900
737292659
147216608
0
584681139
178373271
0
521584464
716242567
0
696675415
17777760
395394655
222221086
387257652
0
653075085
0
846715233
152470
396264395
381842211
953071655
238815264
0
0
691047667
0
890003610
0
0
202311386
0
0
129445014
182337136
186690412
594694211
516159515
0
352576716
735805566
255474844
247895803
718892882
0
525811000
0
963126684
565698636
0
0
148669708
0
737114313
0
475224561
0
0
228676405
4088880
50666640
481779238
619359742
0
596402317
0
78683366
0
60319272
18823803
452968994
537027587
43685162
838075568
0
597198896
165792511
377009011
316643680
1847443
169022068
0
0
977735172
22211715
961064696
0
0
617584797
207106770
296909372
273079013
351279010
28169732
169131145
263950942
0
90310880
125803815
510301923
0
654158534
870315640
0
718582899
217832835
0
319583392
0
814472695
0
329437085
967804580
739590102
434226030
213186007
747002011
725148272
667334975
488887330
0
0
289053408
0
0
437599619
6590119
0
0
517978487
487219841
803180973
368314023
0
489218657
153642094
44440
538010110
982283007
816324460
9877136
839796666
920726933
63264792
2220
478681605
798068532
882755704
917590326
207624635
279821161
0
746750634
0
511110277
100765782
959595134
149259744
612026816
2251
940205127
182367653
266027095
0
695961833
0
451005379
807391157
0
0
303433149
299043902
463924451
569299510
798167832
0
888490104
203584121
395454692
0
60987717
629676196
845702273
768694971
997719969
508842792
0
435776041
0
0
4438384
0
888880
719428109
0
0
0
0
0
0
0
313349685
81143393
51666209
0
272459988
0
0
0
226300199
838174567
174719919
769812201
0
361364215
769212506
0
769812201
721447272
553969099
0
433907488
721817277
983412192
35561064
129907990
0
925328811
103608376
0
566663170
931217011
0
587689045
925328811
0
0
981870711
79807704
0
821896407
454148556
897463145
988851492
810578194
0
506658014
0
201181785
79910392
475824351
918179010
820448225
37688320
341753444
839322
346018894
450162104
385677276
573089498
956229873
0
0
800681544
906606376
0
926730866
117657313
730209382
927636345
118303653
691845820
0
769812201
280846634
920439622
0
888490104
922147921
818848478
0
922849263
850999977
920902196
10220
776392320
204462366
649083708
887056504
656967282
0
0
0
0
862834104
893357000
930185838
416419261
0
610999503
122588443
613290678
0
671943421
535416802
216675634
0
802911864
487811470
0
837806140
0
157668229
202271244
113664052
515869376
45782310
550539328
276437326
417928588
0
0
354683659
0
518603225
0
0
0
546665965
107591519
0
4088880
0
264208296
0
931964364
947333195
376384709
137121318
28743136
0
183369122
0
692002422
0
120549332
729983777
709021891
581860388
0
0
0
905777273
837117718
0
366630650
761323266
967116123
0
0
238959998
404264663
315455730
635954160
0
312754865
0
87417415
928223712
0
0
0
0
21120355
0
0
423237745
222217502
0
0
721043024
741140201
0
732725367
527939701
0
496523945
856897314
42890598
0
288178463
17777760
0
288996856
506658014
635361650
0
809112841
117539246
192028533
0
528088394
772139300
492584912
328541869
0
0
0
186827845
287508387
151275
769812201
262933364
860946213
483849635
984758044
712670123
431700209
213117452
583590418
579686708
333261165
0
0
0
240653214
389039668
723126249
299512839
843354326
0
15362300
0
111106639
568072336
0
925328811
888490104
679879186
0
649832365
238048489
0
0
255948554
888490104
155448468
925328811
945677616
30609046
796070956
208887337
15
547868939
90639529
111012119
207086849
4352500
20063340
12188226
0
825736635
781656103
979103140
0
0
9238557
0
0
301754548
0
468142173
564779549
226879645
0
571799024
250278030
335312222
209065222
880576201
518875922
222221086
0
549147326
267576417
769812201
346449769
785408364
0
0
711703005
711110816
992999012
0
625254133
613250392
918280277
0
93266030
256259894
725596987
226641154
840399368
270774251
244432801
362360041
0
134613446
288884839
0
581012606
0
865733720
202500443
543004311
589471912
790326768
951937225
24142030
2737187
0
139329660
0
642670826
959052068
744173896
0
172103516
731140042
0
451604705
0
0
9849171
691047667
32172231
754579380
909885375
363382299
422755395
108088640
724488170
0
248324555
0
602775268
914251811
697427451
0
0
445057079
0
0
396264395
225014097
779899455
42035432
170561567
76147112
926333899
522101468
779841946
996113339
859610310
75615
856729531
0
0
945742246
260014206
776785167
146988514
797268255
272855287
0
87307738
0
0
247721284
0
927558592
925328811
40660548
492442719
848388441
0
433564443
56367550
0
616586043
841436084
428400036
738918950
847396493
0
0
489979964
0
379511865
47437372
0
165820921
924085962
129805086
0
111110991
0
0
293777900
0
734580
990036067
694916827
332223130
353630399
533329368
288306238
0
90169044
924458676
161092019
688822953
165445196
251093945
873990293
440641670
765100816
837020147
285806503
0
749970507
925328811
64355779
0
532365487
212442507
461513729
755865533
550858285
0
355555520
871167746
0
0
0
983527779
0
0
951674056
0
14687800
741149568
711384213
761010307
0
910747412
806974191
442222102
0
140350894
376381510
0
595063076
135995531
226641154
0
982921674
435193037
741140201
0
0
836762279
7114297
0
911041421
269316794
925328811
111110991
837072078
0
21314916
450992773
0
854815005
0
0
870305085
302029507
766705232
584949223
564801121
572635066
0
505291746
516343770
55777296
0
329633215
0
917585429
932770686
516157850
355313524
0
0
760468201
0
371350746
0
1065162
18013815
0
343974217
502825533
90969207
728887978
625998873
850556670
407982342
406991558
60995331
0
592886469
281596077
0
0
0
46447665
610238276
242174308
119395975
0
650443252
0
52692644
994049311
874164078
703772349
0
17244240
462959385
123180690
677390198
0
163541006
662728298
540234525
953079927
0
212447586
0
91590543
292321367
951681396
877559155
730057625
783129996
0
252887966
469675788
320161999
0
0
345706483
768088878
694620907
776250668
662992204
494453418
455725828
551531490
822054075
15067425
0
0
751047071
444703537
628395845
724431354
137106462
796249795
702881182
724947034
372165565
433041215
505391489
226115463
0
0
225367006
547888120
0
618643913
760468201
332221396
299984081
0
0
38299739
0
397132604
862377196
295453055
0
437566015
913930284
889240260
949713464
0
912548327
911943317
0
0
287654695
463030366
643245247
1220688
352584
809098235
0
580173214
888490104
772567576
445575257
520703140
310682751
81777760
561408475
0
108088640
933145568
897446216
0
0
911868260
0
0
824262779
32463205
350196453
0
331907084
348513919
0
64920849
0
158947275
0
800046373
366374335
310914729
969120619
0
0
364930604
308050903
454228172
771855831
362647474
666986826
542220554
741140201
494844273
794944985
638534969
50298413
0
955845332
0
895510820
954983375
0
228027026
730514450
0
0
0
506658014
739647675
0
0
0
952830187
888510448
0
16399800
666426714
836706437
0
89879293
0
0
444424252
100653146
0
109986379
0
203075482
613384000
808034796
717759889
925328811
650000157
333322349
749245759
0
0
0
883961677
0
844672153
751173359
0
0
0
622570635
0
0
92235663
432210602
186225516
0
219474808
552031715
306471108
0
239718380
0
0
715495985
516977067
0
945224775
337626146
599779214
0
17777760
512666660
645011113
0
0
79672911
0
313409711
997699591
0
920981082
592884298
328583049
59782753
101186711
710263242
0
0
526335442
248622403
364786746
208863692
0
0
0
662992204
296231891
793412045
0
316887364
389557426
0
0
507272004
332995850
414255414
252676871
213145585
777143558
576834488
13943408
0
893249691
82814243
44440
832368020
222221086
0
410619290
533727439
722514758
596092470
650468908
0
0
216983660
0
471975156
0
335501675
0
191070845
204757534
718642064
128018982
504054859
287674797
396264395
155448468
536014795
0
0
763165736
89331116
0
0
435509790
202636685
899346382
506658014
784869839
255108793
417113952
770154194
925328811
0
305157839
0
0
51402908
0
949456914
322715059
730074989
0
0
291968074
392340974
110795863
171999967
541355246
0
694266374
206083577
0
0
111110991
620401323
988641915
254734708
207702186
813800420
827424737
529016445
155211853
0
972846678
187890
0
0
390709221
0
610959006
0
726786341
113045286
741140201
777225068
306409204
273549906
111110991
320364541
0
739589179
120445838
0
128353357
961398439
428399924
0
0
79964121
0
949082136
964474649
0
0
623131961
956942397
563130919
143456370
165839891
59623985
514539067
116339041
149702898
0
0
999464628
484722716
32345
771245049
0
688435827
170316101
0
728552941
741140201
0
0
0
949993377
0
679429488
822824402
571687570
0
502038798
973538163
477004463
0
0
166131189
279799785
0
180160220
0
0
973159278
535457456
0
271726049
465851606
444424252
213893625
0
0
808659083
231489113
104492762
108216272
693332458
965761772
198982410
93715320
0
707309856
0
111477680
165093805
506658014
124640158
730711239
0
877274746
0
0
0
186017566
12791071
354772643
783725327
322052945
0
373038351
19556160
116308942
0
925328811
823514906
0
871362189
0
0
0
0
513390894
888880
768530160
251039073
164436631
0
971126619
489627393
0
550222607
602499932
0
833338664
0
187810804
562129540
0
350207971
257739602
401149904
555366859
0
301533111
145700901
932148564
0
744833235
0
222217502
200665815
960460905
681577098
352491628
840872433
0
859020
17777760
491496499
166555609
4950364
0
767992138
0
0
148203339
561495629
0
615698999
0
111479
545064377
0
829960274
79044371
549077191
259501459
901300994
0
376003876
298886110
134421614
0
356601044
191753216
396264395
757733784
502042941
0
877398775
815860729
0
445524615
112332709
672035624
226659306
510670624
0
142609573
0
0
44308043
296919781
169685776
0
0
468332413
445057079
633205974
43578370
33823709
629394613
229585694
224392670
0
0
786892803
852519395
0
316243431
0
415616083
38985025
386051315
0
498215696
0
112607423
0
649783294
81777760
0
647411753
152911930
764778414
706179812
432419583
627356149
617674223
650943268
898869642
912048328
0
771173150
0
18834836
111064463
0
828026252
506658014
374024750
248179012
0
0
673736100
803821109
0
6437661
806830240
970166240
724270355
395557097
718756639
290075964
828233478
661067970
663802624
250831150
693920545
345707001
544963120
0
140515389
314915456
952490240
62316691
799065754
888490104
324440303
614825193
0
0
996181352
722328032
0
0
888490104
0
618538739
235783947
6252930
853519999
781728811
983376862
0
55706930
0
0
0
90195670
0
307546587
246754417
473323193
52290
613769167
0
113117115
0
0
190125294
0
95207257
485375965
34932339
550851482
176163198
511770
910808302
0
741529377
267552043
941246994
719748291
0
106343666
0
377735795
0
764259508
602008471
397759051
0
529130992
925328811
0
835802539
108423740
708659866
222146630
10220
223694243
0
506658014
0
506658014
797085417
0
822824402
485957228
0
972545053
17777760
209160313
0
740013155
886321989
916740635
802931651
235933482
525227449
625669370
746841666
0
0
930331717
1240
102124856
0
924502123
17777760
224969022
779208599
0
394913750
892356510
0
0
534767609
142895230
93521114
263779099
356009394
825478679
645305334
323713190
972554930
0
882183843
36040
0
0
229122589
355751035
0
670977392
0
188139845
87153006
786149371
111110991
0
0
0
651711300
0
250861088
0
691653140
635555513
0
261462858
325509617
610156078
0
776983932
0
297726759
742224995
173866633
0
0
0
894520511
485866160
90007017
496220076
113470932
599490847
487813853
0
259104570
209752649
260940727
733735647
0
496525546
122390488
925716654
0
0
162721505
0
0
673887833
0
906598937
0
24712755
865705922
534841736
219490301
0
0
0
222221086
61446846
799691601
630611518
29360540
0
762892030
218843870
917826029
708343398
527329802
0
81145129
956708512
641036425
59696938
129892738
479775353
0
37848936
549798061
205542941
682714954
0
418233577
58794598
333322349
0
0
225752954
5540
458488400
811291956
0
801517327
0
265844793
511422267
0
909276433
0
215671071
620011495
0
0
0
168810309
886657012
204642646
82399102
396264395
614416790
0
575857330
3823460
0
529015829
283550117
458130690
90097170
521876890
0
0
11520112
111110991
993071685
506658014
444352572
0
0
751634208
0
634684094
848564262
439809780
512334027
0
390571583
580773094
96084159
0
984131023
343741833
0
0
63213190
687591657
4106830
0
772448977
29328879
439863245
293232656
476310177
138924353
0
79861103
982076444
725629503
815861615
530238426
0
0
454448971
651333061
222217502
0
0
436245926
299943716
0
603155859
0
551923330
839471495
938574790
567130089
323624571
982470663
361798177
954190026
128052810
0
0
0
0
246779207
225349215
769812201
0
780961979
474981482
0
738314169
456967820
92235663
159468078
590084408
434526004
56045205
612290962
0
0
396264395
0
226641154
929262652
140092773
0
0
0
136141879
0
999900319
858072308
0
821914475
0
0
396264395
0
0
771084485
807990092
235858263
927748467
0
0
0
0
488321113
390403268
796411765
993885444
0
767715354
0
0
0
236088955
0
672323548
21712137
579758722
679171760
964399583
723711333
970110119
776291229
536725915
221317925
0
658924327
0
0
133265587
896560302
763455682
0
479692106
501763319
0
0
936989380
0
30872312
0
0
0
0
440388
0
0
795069775
0
769812201
659376329
234879320
539913255
497569112
578675544
844164316
0
730646114
0
0
349538863
953192666
741140201
935168811
872720504
575173017
713114547
844755100
413751151
48661631
625319995
0
0
356939845
347189856
403464003
492353812
0
18823803
25778461
746168143
0
931056022
104221779
46792531
504395409
502267062
373280804
258994181
863698357
331475387
994466706
504580804
0
633648628
0
505958803
0
503689236
236185269
872944373
0
316474385
0
888490104
0
991112466
222221086
145174123
443433853
769812201
131212153
567732012
101762144
4319205
122971625
519417992
591133668
0
10511490
0
613499996
624196312
0
102271781
322594729
223043209
0
179482934
0
530958264
465035070
547083491
790264382
185134589
20102261
919895986
769812201
439532776
463751289
0
0
172408585
854115183
0
273222916
864072945
0
264975878
315833304
0
0
20737560
306143454
312058137
343140619
222217502
321244400
51983097
0
0
308900819
0
0
0
136900288
965761772
811883978
427763092
998793153
121445850
0
666899907
0
560178439
0
421820017
506023009
0
160224576
210740364
0
909735962
666736273
152911930
967986359
877398775
122684966
254330036
97581534
0
244432801
232001033
248665591
735937737
562635676
606828861
459771402
154852071
0
414175872
599963637
142982859
0
853631938
222221086
307336516
556686625
764484492
440223153
331477681
390400624
703098379
124991523
0
710804036
206281694
521250934
26508060
0
366052624
219182737
516977067
0
226641154
107508815
0
0
865237871
858018461
636057894
954130026
0
263356573
663889471
13155026
665568294
0
2814933
0
396264395
945265625
675944409
368139348
0
0
123993428
635627858
482199226
0
887056504
434993852
0
12303274
640700712
841234646
858610546
0
0
546570140
444424252
74079239
624837738
87872287
948549957
90578570
85984310
339592566
415903826
222217502
725326734
34650089
444424252
458558964
218851998
0
324583126
542026387
561194969
497206561
905806464
0
0
0
66532358
354092918
530860460
925328811
334049088
0
0
129805086
492377543
963823469
0
614594376
0
101095455
480161935
227278469
0
840399368
796028914
264
0
456528888
94890545
249439063
0
999963725
890660084
54999645
475571129
871695187
0
0
887056504
0
0
925328811
18823803
978820820
0
0
0
17157788
456528888
0
0
740996436
503004402
0
0
552254913
437899269
442067935
81997
0
458243683
987343648
528980699
0
0
286549849
795874970
314450532
980203369
738018162
139020105
239459680
471561869
313140070
0
0
446198538
0
355525103
0
355555520
959044439
111500265
0
930214974
397080615
0
0
0
390270498
334760039
137286749
0
271098968
648384858
736479628
383951595
412847736
532569577
734916123
925435515
0
635089800
923119682
102009026
0
398958867
0
236565190
205609615
661634
111110991
56592657
990467854
86055593
0
831501
550323806
0
0
0
396264395
663833524
636225896
940290151
232609481
685356240
0
657498970
0
75306160
795262223
0
847883639
671170541
385761925
653703179
908341133
0
918335038
541196439
919800673
368067722
0
0
789834078
925328811
42481580
187657826
740296552
785865429
789833046
295453055
222217502
0
0
251234724
821867466
887056504
10232533
708581877
827493240
0
438490
139554323
56405303
713835293
536014795
465743873
711877695
222221086
0
245339445
0
450579077
666142042
0
0
360502894
0
149755284
0
0
0
754435811
125532806
0
974242783
929567698
64897225
853191856
749716161
77797388
0
380648949
19491206
0
111110991
599971444
207165021
796228062
0
0
880175404
2024058
24067000
276609801
688516133
623521453
284497501
337988313
390756362
882436025
666625882
848540453
961020487
916846150
0
811190414
0
0
893854854
0
0
0
860845242
953435378
0
957496170
939422080
0
0
355555520
119055181
0
301372287
315239716
65513570
961972528
0
0
401008226
543109626
0
126575301
0
520748491
279251843
454339723
858560868
451998133
476407834
707248893
0
200770793
375433770
11372985
987296080
288782073
2220
929104079
211531738
0
0
961389061
0
20749305
233291670
770197087
81159232
628528270
757379288
487235345
718181052
841745461
765244902
37163651
209027301
0
0
161927542
0
506658014
5710
0
945713542
588433710
289677104
396264395
0
431160307
0
402512420
570585965
0
0
654685904
470615376
945186666
0
430993482
0
0
492322694
826733290
4088880
34296404
768460928
990919593
835079498
324422079
0
0
539524674
47128036
0
751977378
741140201
0
944612866
534869966
0
0
0
0
0
0
0
0
754320645
16471489
222217502
0
0
368767274
0
689320273
0
207351764
826839697
0
970651977
0
50129126
0
0
728075737
0
359481559
111110991
0
209745598
951523436
995602186
440092458
765100816
55121068
597545571
0
534484318
70614008
214785874
765791868
0
879059154
867576899
477895681
811600794
968703538
834979032
806503775
0
0
599829649
947396644
379883297
0
0
394256400
721447272
25322117
36348905
721046316
386589628
462759657
4236842
935663522
390571583
925328811
4051900
91900765
834954
0
522961263
886491979
799010416
0
925328811
900223165
0
925328811
0
444078854
0
0
0
407110729
31089008
793248936
692812728
810120950
342896784
640692962
514447409
831436089
286466088
0
0
63199387
894052410
73032940
0
0
589262542
818216047
816342341
464994484
0
216180023
0
0
369846925
204186859
251252331
896247490
0
0
0
0
217265671
104686862
444724455
669701632
0
48019462
0
84265893
0
443024185
0
0
983748917
0
428772566
918304212
255021188
719605418
765147658
858446588
0
587220222
751783007
214026893
0
647602746
0
0
744421394
692607382
688810706
872864312
353442560
480821821
0
569692272
0
795772854
435555422
998686512
44440
178924473
0
0
273777760
144471227
0
0
0
0
18613891
347429241
907072771
358698000
771223239
0
0
788128025
0
396264395
233130129
0
637764760
319462935
660455271
0
888490104
0
170130030
814941356
0
111110991
358313216
113978810
0
156235849
2368005
0
602797448
959800693
0
586323775
240180371
888880
0
711110816
159954
0
743102291
86681100
44440
404730496
888880
572657760
0
495312727
0
362360041
273674981
0
478001076
776485825
528354863
971545368
317555007
22968581
676753186
0
361421666
0
0
0
796818313
771536812
143467381
583733870
456896067
888490104
313987864
681005289
610748210
976398977
309785469
286139929
211397723
509283439
651041876
296524087
966109017
129554749
0
0
0
90630162
0
483901611
371748998
855241656
636419748
942957357
222217502
644789973
90449538
249869190
877666479
0
312115720
747734829
988753842
495685309
55255091
0
289943408
0
0
841082034
15241885
455827017
321503423
0
884882683
83884703
573889854
316699098
934537485
0
547869654
21385696
755952630
536448692
710328928
0
0
35880741
0
833802975
0
690950930
943784010
234225682
807186727
821414447
0
36385114
529472334
324537484
903588123
0
0
671804252
0
0
757907621
0
159166088
444352572
91524427
401734339
446555451
0
228409906
0
0
261889463
621697077
555366859
0
423381825
355555520
980524191
149211540
311615
332513965
901341110
0
741140201
371096029
0
505153575
622219247
841717491
0
974977149
79221798
0
811173964
399114700
257092062
0
0
108088640
647849496
445057079
0
802570169
517181926
0
0
0
282910943
306440208
700196370
73066358
818905971
396264395
0
958742704
0
470882764
390130840
847304120
0
340596094
0
800143962
837164210
758624834
588285427
219036914
95610423
132295941
0
51467077
591135202
90136708
130982122
107379848
985668751
295060286
239950112
671443337
376764279
756816542
0
0
925328811
444656840
0
541894382
0
367005542
186017566
0
427756605
999091207
96649559
772691876
163176427
0
401008226
95589750
0
244632888
924097846
217079506
792002683
635555513
553020529
456528888
68270572
833338664
0
444424252
172626620
335341154
493137135
0
0
0
444424252
620676877
517957145
714842347
584137385
0
0
423606942
214128427
0
421136634
249265288
0
0
170524380
288988422
623799476
403167888
0
506658014
671310063
719330145
0
376630159
769812201
0
940568013
0
451510352
0
19820121
613290678
0
271647257
558175910
466857926
8763363
741232193
459099781
0
0
81777760
638438363
0
0
295403315
691923664
0
528257386
2814933
0
0
23530693
456528888
810
666132487
755859353
28106286
536906254
0
0
0
0
0
681471564
873751000
555555499
183186695
366407395
587831873
0
341361791
0
78446721
92188708
0
105583375
0
536466903
883462656
987857525
555515787
6679842
394407291
381789484
0
788601909
745816206
0
486543917
0
56838960
0
878607411
893973934
2542876
548982713
0
215133837
941815679
658547075
858989200
0
0
821604119
804517877
0
612855528
877892428
333007743
705836427
444424252
0
828189650
0
14981890
90386081
208063329
122814441
66
292624539
193932861
414852182
228749188
226641154
844146020
343826818
540238234
36626688
320948448
235800536
851975454
448934924
0
0
242792220
0
222221086
444424252
444424252
900827377
251740457
0
950069350
0
0
276049992
965493951
565799052
639995760
193305910
0
110
407982342
274333964
4088880
484316357
506660263
0
111110991
698087858
814542889
0
291110576
721573626
0
52748993
949733113
396264395
186284457
0
0
0
0
877507870
648212585
444352572
0
0
293104106
0
905991050
176206514
0
0
0
0
175055400
0
677562821
222221086
606332601
0
299770948
0
853996302
17488750
0
20275342
0
836528855
0
82816170
354352254
0
775370322
0
774185457
212938769
182023764
466043718
411580178
350536412
0
925328811
0
305031456
0
611037199
0
17322877
901883876
21184127
920951725
848432297
466427453
507677144
567271874
506658014
605160100
0
661305393
965393437
0
820852774
924458676
0
2284440
647250778
871479262
8329147
0
506658014
651167982
882991305
456528888
74819323
516198589
797899590
295453055
0
118113767
510508940
599440003
280878180
0
0
361405943
0
339765958
0
0
386191915
842174472
242512498
709528405
537479167
125093057
0
92235663
652378114
409868157
717717065
0
610423645
649125916
151315416
562161391
97712798
0
0
570853779
0
619744157
154567273
0
43908820
0
352013347
305508981
0
703012841
986218048
0
954827583
89669159
0
0
445057079
663973078
0
51711706
464972901
915774848
782241316
888096979
393089867
0
495811307
401811048
229210246
0
0
884857464
217537693
973059891
721045555
990555170
0
349181828
0
41964479
468102201
809912023
0
506658014
0
0
961268904
301010334
0
848389408
520343476
310069523
0
0
337099504
0
112789093
888880
396264395
0
925328811
0
297125375
374209950
432880020
0
934236329
0
63082531
173471448
752399726
777577193
769812201
353826205
0
209072438
0
571161036
13904644
737344400
0
0
886856033
424888758
47437372
0
741140201
896698253
0
685783363
0
145092290
939159005
0
0
19013031
534869966
167010211
996055933
181078154
559842215
